# [reference standard]
# imdb2009
# actor in The Fellowship of the Ring and The Return of the King
([44282840, 44246360, 16039364, 16039365, 39672330], [(39672330, 16039364), (44246360, 16039365), (44282840, 16039364), (39672330, 16039365)]) #Porras, Rick
([44282840, 44246360, 16460731, 17978355, 40584450], [(40584450, 16460731), (44246360, 17978355), (44282840, 16460731), (40584450, 17978355)]) #Walsh, Fran
([44282840, 44246360, 16460731, 16460732, 40584450], [(40584450, 16460731), (44246360, 16460732), (44282840, 16460731), (40584450, 16460732)]) #Walsh, Fran
([44282840, 44246360, 17915735, 17915737, 39870629], [(39870629, 17915735), (44246360, 17915737), (44282840, 17915735), (39870629, 17915737)]) #Tolkien, J.R.R.
([44282840, 44246360, 17978354, 17978355, 40584450], [(40584450, 17978354), (44246360, 17978355), (44282840, 17978354), (40584450, 17978355)]) #Walsh, Fran
([44282840, 44246360, 17978354, 16460732, 40584450], [(40584450, 17978354), (44246360, 16460732), (44282840, 17978354), (40584450, 16460732)]) #Walsh, Fran
([44282840, 44246360, 18309697, 18309698, 39463142], [(39463142, 18309697), (44246360, 18309698), (44282840, 18309697), (39463142, 18309698)]) #Lesnie, Andrew
([44282840, 44246360, 20688966, 20688967, 38926153], [(38926153, 20688966), (44246360, 20688967), (44282840, 20688966), (38926153, 20688967)]) #Anderson, Bob
([44282840, 44246360, 20723393, 20723394, 38950747], [(38950747, 20723393), (44246360, 20723394), (44282840, 20723393), (38950747, 20723394)]) #Baer, Rick
([44282840, 44246360, 20800876, 20800877, 41183794], [(41183794, 20800876), (44246360, 20800877), (44282840, 20800876), (41183794, 20800877)]) #Black, Andrew
([44282840, 44246360, 20870771, 20870772, 41195775], [(41195775, 20870771), (44246360, 20870772), (44282840, 20870771), (41195775, 20870772)]) #Buck, Bob
([44282840, 44246360, 20919476, 20919477, 40070257], [(40070257, 20919476), (44246360, 20919477), (44282840, 20919476), (40070257, 20919477)]) #Carty, Roisin
([44282840, 44246360, 882766, 882767, 39220821], [(39220821, 882766), (44246360, 882767), (44282840, 882766), (39220821, 882767)]) #Fransham, Rod
([44282840, 44246360, 892893, 892894, 41251676], [(41251676, 892893), (44246360, 892894), (44282840, 892893), (41251676, 892894)]) #Fromont, Dominique
([44282840, 44246360, 893342, 893343, 41250759], [(41250759, 893342), (44246360, 893343), (44282840, 893342), (41250759, 893343)]) #Frost-Evans, Jason
([44282840, 44246360, 1017409, 1017411, 41270375], [(41270375, 1017409), (44246360, 1017411), (44282840, 1017409), (41270375, 1017411)]) #Halcrow, Robert
([44282840, 44246360, 1017410, 1017411, 41270375], [(41270375, 1017410), (44246360, 1017411), (44282840, 1017410), (41270375, 1017411)]) #Halcrow, Robert
([44282840, 44246360, 1148291, 1148292, 39354221], [(39354221, 1148291), (44246360, 1148292), (44282840, 1148291), (39354221, 1148292)]) #Jack, Andrew
([44282840, 44246360, 1149065, 1149066, 41289886], [(41289886, 1149065), (44246360, 1149066), (44282840, 1149065), (41289886, 1149066)]) #Jackson, Craig
([44282840, 44246360, 1239616, 1239617, 41306026], [(41306026, 1239616), (44246360, 1239617), (44282840, 1239616), (41306026, 1239617)]) #Kirkham, Chris
([44282840, 44246360, 1244586, 1244587, 41304740], [(41304740, 1244586), (44246360, 1244587), (44282840, 1244586), (41304740, 1244587)]) #Klein-Nixon, Linda
([44282840, 44246360, 1337376, 1337377, 40888041], [(40888041, 1337376), (44246360, 1337377), (44282840, 1337376), (40888041, 1337377)]) #Leñero, Francel Diaz
([44282840, 44246360, 1383272, 1383273, 41329608], [(41329608, 1383272), (44246360, 1383273), (44282840, 1383272), (41329608, 1383273)]) #MacKay, Caroline
([44282840, 44246360, 1434578, 1434579, 41336604], [(41336604, 1434578), (44246360, 1434579), (44282840, 1434578), (41336604, 1434579)]) #Matthews, Andrew
([44282840, 44246360, 1438097, 1438098, 41338586], [(41338586, 1438097), (44246360, 1438098), (44282840, 1438097), (41338586, 1438098)]) #Mawhinney, Averil
([44282840, 44246360, 1544068, 1544069, 41353563], [(41353563, 1544068), (44246360, 1544069), (44282840, 1544068), (41353563, 1544069)]) #Mount, Jennifer
([44282840, 44246360, 1617668, 1617669, 41367954], [(41367954, 1617668), (44246360, 1617669), (44282840, 1617668), (41367954, 1617669)]) #Old, Steve
([44282840, 44246360, 1621396, 1621398, 41367917], [(41367917, 1621396), (44246360, 1621398), (44282840, 1621396), (41367917, 1621398)]) #Olson, Star
([44282840, 44246360, 1621397, 1621398, 41367917], [(41367917, 1621397), (44246360, 1621398), (44282840, 1621397), (41367917, 1621398)]) #Olson, Star
([44282840, 44246360, 1906715, 1906716, 39784386], [(39784386, 1906715), (44246360, 1906716), (44282840, 1906715), (39784386, 1906716)]) #Sharkey, Richard
([44282840, 44246360, 1964458, 1964460, 41423185], [(41423185, 1964458), (44246360, 1964460), (44282840, 1964458), (41423185, 1964460)]) #Sommerville, Lee
([44282840, 44246360, 1964459, 1964460, 41423185], [(41423185, 1964459), (44246360, 1964460), (44282840, 1964459), (41423185, 1964460)]) #Sommerville, Lee
([44282840, 44246360, 2063042, 2063043, 40801664], [(40801664, 2063042), (44246360, 2063043), (44282840, 2063042), (40801664, 2063043)]) #Thompson, Sue
([44282840, 44246360, 2094596, 2094597, 41443890], [(41443890, 2094596), (44246360, 2094597), (44282840, 2094596), (41443890, 2094597)]) #Turnbull, Dave
([44282840, 44246360, 2166011, 2166012, 41454991], [(41454991, 2166011), (44246360, 2166012), (44282840, 2166011), (41454991, 2166012)]) #Watson, Jasmine
([44282840, 44246360, 2203716, 2203717, 41460885], [(41460885, 2203716), (44246360, 2203717), (44282840, 2203716), (41460885, 2203717)]) #Williams, Alicia
([44282840, 44246360, 2239332, 2239333, 41466758], [(41466758, 2239332), (44246360, 2239333), (44282840, 2239332), (41466758, 2239333)]) #Wyman, Damon
([44282840, 44246360, 2365905, 2365906, 39499218], [(39499218, 2365905), (44246360, 2365906), (44282840, 2365905), (39499218, 2365906)]) #Major, Grant
([44282840, 44246360, 2719988, 2719990, 38943877], [(38943877, 2719988), (44246360, 2719990), (44282840, 2719988), (38943877, 2719990)]) #Astin, Sean
([44282840, 44246360, 4000218, 4000219, 39109112], [(39109112, 4000218), (44246360, 4000219), (44282840, 4000218), (39109112, 4000219)]) #Csokas, Marton
([44282840, 44246360, 5435195, 5435199, 39304775], [(39304775, 5435195), (44246360, 5435199), (44282840, 5435195), (39304775, 5435199)]) #Hartley, Lee
([44282840, 44246360, 5435196, 5435199, 39304775], [(39304775, 5435196), (44246360, 5435199), (44282840, 5435196), (39304775, 5435199)]) #Hartley, Lee
([44282840, 44246360, 5435197, 5435199, 39304775], [(39304775, 5435197), (44246360, 5435199), (44282840, 5435197), (39304775, 5435199)]) #Hartley, Lee
([44282840, 44246360, 5435198, 5435199, 39304775], [(39304775, 5435198), (44246360, 5435199), (44282840, 5435198), (39304775, 5435199)]) #Hartley, Lee
([44282840, 44246360, 7077844, 7077846, 39534935], [(39534935, 7077844), (44246360, 7077846), (44282840, 7077844), (39534935, 7077846)]) #McKellen, Ian
([44282840, 44246360, 7834101, 1647659, 39639600], [(39639600, 7834101), (44246360, 1647659), (44282840, 7834101), (39639600, 1647659)]) #Parker, Craig
([44282840, 44246360, 8340197, 8340198, 39707559], [(39707559, 8340197), (44246360, 8340198), (44282840, 8340197), (39707559, 8340198)]) #Rhys-Davies, John
([44282840, 44246360, 10655211, 10655212, 40035673], [(40035673, 10655211), (44246360, 10655212), (44282840, 10655211), (40035673, 10655212)]) #Blanchett, Cate
([44282840, 44246360, 12929601, 12929602, 40358994], [(40358994, 12929601), (44246360, 12929602), (44282840, 12929601), (40358994, 12929602)]) #McLeod, Sarah
([44282840, 44246360, 14375687, 14375688, 40560752], [(40560752, 14375687), (44246360, 14375688), (44282840, 14375687), (40560752, 14375688)]) #Tyler, Liv
([44282840, 44246360, 15752392, 15752393, 39487360], [(39487360, 15752392), (44246360, 15752393), (44282840, 15752392), (39487360, 15752393)]) #Lynne, Michael
([44282840, 44246360, 16727167, 16727168, 40047275], [(40047275, 16727167), (44246360, 16727168), (44282840, 16727167), (40047275, 16727168)]) #Boyens, Philippa
([44282840, 44246360, 17207474, 15536696, 39358870], [(39358870, 17207474), (44246360, 15536696), (44282840, 17207474), (39358870, 15536696)]) #Jackson, Peter
([44282840, 44246360, 17207474, 5829493, 39358870], [(39358870, 17207474), (44246360, 5829493), (44282840, 17207474), (39358870, 5829493)]) #Jackson, Peter
([44282840, 44246360, 17207474, 19578071, 39358870], [(39358870, 17207474), (44246360, 19578071), (44282840, 17207474), (39358870, 19578071)]) #Jackson, Peter
([44282840, 44246360, 17207474, 17207475, 39358870], [(39358870, 17207474), (44246360, 17207475), (44282840, 17207474), (39358870, 17207475)]) #Jackson, Peter
([44282840, 44246360, 18919315, 18919316, 39787444], [(39787444, 18919315), (44246360, 18919316), (44282840, 18919315), (39787444, 18919316)]) #Shore, Howard
([44282840, 44246360, 19138504, 19138505, 39855647], [(39855647, 19138504), (44246360, 19138505), (44282840, 19138504), (39855647, 19138505)]) #Taylor, Richard
([44282840, 44246360, 19578070, 15536696, 39358870], [(39358870, 19578070), (44246360, 15536696), (44282840, 19578070), (39358870, 15536696)]) #Jackson, Peter
([44282840, 44246360, 19578070, 5829493, 39358870], [(39358870, 19578070), (44246360, 5829493), (44282840, 19578070), (39358870, 5829493)]) #Jackson, Peter
([44282840, 44246360, 19578070, 19578071, 39358870], [(39358870, 19578070), (44246360, 19578071), (44282840, 19578070), (39358870, 19578071)]) #Jackson, Peter
([44282840, 44246360, 19578070, 17207475, 39358870], [(39358870, 19578070), (44246360, 17207475), (44282840, 19578070), (39358870, 17207475)]) #Jackson, Peter
([44282840, 44246360, 20759931, 20759932, 41178103], [(41178103, 20759931), (44246360, 20759932), (44282840, 20759931), (41178103, 20759932)]) #Bayliss, Stephen
([44282840, 44246360, 20882701, 20882702, 41198411], [(41198411, 20882701), (44246360, 20882702), (44282840, 20882701), (41198411, 20882702)]) #Burt, Elaine
([44282840, 44246360, 20941103, 20941107, 40075785], [(40075785, 20941103), (44246360, 20941107), (44282840, 20941103), (40075785, 20941107)]) #Chansantor, Praphaphorn 'Fon'
([44282840, 44246360, 20941103, 20941106, 40075785], [(40075785, 20941103), (44246360, 20941106), (44282840, 20941103), (40075785, 20941106)]) #Chansantor, Praphaphorn 'Fon'
([44282840, 44246360, 20941104, 20941107, 40075785], [(40075785, 20941104), (44246360, 20941107), (44282840, 20941104), (40075785, 20941107)]) #Chansantor, Praphaphorn 'Fon'
([44282840, 44246360, 20941104, 20941106, 40075785], [(40075785, 20941104), (44246360, 20941106), (44282840, 20941104), (40075785, 20941106)]) #Chansantor, Praphaphorn 'Fon'
([44282840, 44246360, 20941105, 20941107, 40075785], [(40075785, 20941105), (44246360, 20941107), (44282840, 20941105), (40075785, 20941107)]) #Chansantor, Praphaphorn 'Fon'
([44282840, 44246360, 20941105, 20941106, 40075785], [(40075785, 20941105), (44246360, 20941106), (44282840, 20941105), (40075785, 20941106)]) #Chansantor, Praphaphorn 'Fon'
([44282840, 44246360, 20975192, 20975193, 41211576], [(41211576, 20975192), (44246360, 20975193), (44282840, 20975192), (41211576, 20975193)]) #Cochrane, Andrew
([44282840, 44246360, 20993109, 20993110, 41213927], [(41213927, 20993109), (44246360, 20993110), (44282840, 20993109), (41213927, 20993110)]) #Connon, Jared
([44282840, 44246360, 21050107, 21050108, 41222551], [(41222551, 21050107), (44246360, 21050108), (44282840, 21050107), (41222551, 21050108)]) #Davenport, Anne-Marie
([44282840, 44246360, 876715, 876716, 41248854], [(41248854, 876715), (44246360, 876716), (44282840, 876715), (41248854, 876716)]) #Fox, Deborah
([44282840, 44246360, 906797, 906799, 41254634], [(41254634, 906797), (44246360, 906799), (44282840, 906797), (41254634, 906799)]) #Gammons, Carla
([44282840, 44246360, 906797, 906798, 41254634], [(41254634, 906797), (44246360, 906798), (44282840, 906797), (41254634, 906798)]) #Gammons, Carla
([44282840, 44246360, 990823, 990824, 41265600], [(41265600, 990823), (44246360, 990824), (44282840, 990823), (41265600, 990824)]) #Grierson, Simpson
([44282840, 44246360, 1081255, 1081257, 41279517], [(41279517, 1081255), (44246360, 1081257), (44282840, 1081255), (41279517, 1081257)]) #Hewson, Liz
([44282840, 44246360, 1081256, 1081257, 41279517], [(41279517, 1081256), (44246360, 1081257), (44282840, 1081256), (41279517, 1081257)]) #Hewson, Liz
([44282840, 44246360, 1085952, 1085953, 39322439], [(39322439, 1085952), (44246360, 1085953), (44282840, 1085952), (39322439, 1085953)]) #Hill, Jason
([44282840, 44246360, 1098015, 1098016, 41281663], [(41281663, 1098015), (44246360, 1098016), (44282840, 1098015), (41281663, 1098016)]) #Hogan, Jessica
([44282840, 44246360, 1132023, 1132025, 41287043], [(41287043, 1132023), (44246360, 1132025), (44282840, 1132023), (41287043, 1132025)]) #Hutchinson, Katie
([44282840, 44246360, 1132024, 1132025, 41287043], [(41287043, 1132024), (44246360, 1132025), (44282840, 1132024), (41287043, 1132025)]) #Hutchinson, Katie
([44282840, 44246360, 1170711, 1170713, 41293691], [(41293691, 1170711), (44246360, 1170713), (44282840, 1170711), (41293691, 1170713)]) #Johnson, Dave
([44282840, 44246360, 1170711, 1170712, 41293691], [(41293691, 1170711), (44246360, 1170712), (44282840, 1170711), (41293691, 1170712)]) #Johnson, Dave
([44282840, 44246360, 1191793, 1191795, 41296845], [(41296845, 1191793), (44246360, 1191795), (44282840, 1191793), (41296845, 1191795)]) #Kahu, Cindy
([44282840, 44246360, 1191794, 1191795, 41296845], [(41296845, 1191794), (44246360, 1191795), (44282840, 1191794), (41296845, 1191795)]) #Kahu, Cindy
([44282840, 44246360, 1251029, 1251030, 41307185], [(41307185, 1251029), (44246360, 1251030), (44282840, 1251029), (41307185, 1251030)]) #Koch, Rob
([44282840, 44246360, 1297585, 1297586, 41316019], [(41316019, 1297585), (44246360, 1297586), (44282840, 1297585), (41316019, 1297586)]) #Lascelles, Emily
([44282840, 44246360, 1310470, 1310472, 41317423], [(41317423, 1310470), (44246360, 1310472), (44282840, 1310470), (41317423, 1310472)]) #Leckie, Josie
([44282840, 44246360, 1310470, 1310471, 41317423], [(41317423, 1310470), (44246360, 1310471), (44282840, 1310470), (41317423, 1310471)]) #Leckie, Josie
([44282840, 44246360, 1515347, 1515348, 41349656], [(41349656, 1515347), (44246360, 1515348), (44282840, 1515347), (41349656, 1515348)]) #Moffatt, Dianne
([44282840, 44246360, 1532681, 1532682, 41352771], [(41352771, 1532681), (44246360, 1532682), (44282840, 1532681), (41352771, 1532682)]) #Morgan, Jenny
([44282840, 44246360, 1554983, 1554984, 39582630], [(39582630, 1554983), (44246360, 1554984), (44282840, 1554983), (39582630, 1554984)]) #Murphy, Linus
([44282840, 44246360, 1589573, 1589574, 41363347], [(41363347, 1589573), (44246360, 1589574), (44282840, 1589573), (41363347, 1589574)]) #Nimmo, Duncan
([44282840, 44246360, 1739667, 1739668, 40447871], [(40447871, 1739667), (44246360, 1739668), (44282840, 1739667), (40447871, 1739668)]) #Race, Philippa
([44282840, 44246360, 1830272, 1830273, 41401214], [(41401214, 1830272), (44246360, 1830273), (44282840, 1830272), (41401214, 1830273)]) #Ruck, Merrin
([44282840, 44246360, 1944446, 1944447, 41418187], [(41418187, 1944446), (44246360, 1944447), (44282840, 1944446), (41418187, 1944447)]) #Slade, Adam
([44282840, 44246360, 2009815, 2009816, 41430117], [(41430117, 2009815), (44246360, 2009816), (44282840, 2009815), (41430117, 2009816)]) #Stuart, Jeanne
([44282840, 44246360, 2012656, 2012657, 41430303], [(41430303, 2012656), (44246360, 2012657), (44282840, 2012656), (41430303, 2012657)]) #Sugden, Dianne
([44282840, 44246360, 2015318, 2015319, 40534138], [(40534138, 2015318), (44246360, 2015319), (44282840, 2015318), (40534138, 2015319)]) #Sullivan, Victoria
([44282840, 44246360, 2015469, 2015470, 39838869], [(39838869, 2015469), (44246360, 2015470), (44282840, 2015469), (39838869, 2015470)]) #Suluvave, Fa
([44282840, 44246360, 2043817, 2043818, 41435187], [(41435187, 2043817), (44246360, 2043818), (44282840, 2043817), (41435187, 2043818)]) #Taylor, Carl
([44282840, 44246360, 2047270, 19138505, 39855647], [(39855647, 2047270), (44246360, 19138505), (44282840, 2047270), (39855647, 19138505)]) #Taylor, Richard
([44282840, 44246360, 2153049, 2153051, 40810881], [(40810881, 2153049), (44246360, 2153051), (44282840, 2153049), (40810881, 2153051)]) #Waller, Angela
([44282840, 44246360, 2153050, 2153051, 40810881], [(40810881, 2153050), (44246360, 2153051), (44282840, 2153050), (40810881, 2153051)]) #Waller, Angela
([44282840, 44246360, 2172438, 2172439, 41456366], [(41456366, 2172438), (44246360, 2172439), (44282840, 2172438), (41456366, 2172439)]) #Webster, Tam
([44282840, 44246360, 2800560, 2800562, 38952903], [(38952903, 2800560), (44246360, 2800562), (44282840, 2800560), (38952903, 2800562)]) #Baker, Sala
([44282840, 44246360, 2800560, 2800561, 38952903], [(38952903, 2800560), (44246360, 2800561), (44282840, 2800560), (38952903, 2800561)]) #Baker, Sala
([44282840, 44246360, 2924229, 2924230, 38973704], [(38973704, 2924229), (44246360, 2924230), (44282840, 2924229), (38973704, 2924230)]) #Bean, Sean
([44282840, 44246360, 5639638, 5639639, 39330766], [(39330766, 5639638), (44246360, 5639639), (44282840, 5639638), (39330766, 5639639)]) #Holm, Ian
([44282840, 44246360, 5688348, 5688349, 39337139], [(39337139, 5688348), (44246360, 5688349), (44282840, 5688348), (39337139, 5688349)]) #Howard, Alan
([44282840, 44246360, 5829491, 15536696, 39358870], [(39358870, 5829491), (44246360, 15536696), (44282840, 5829491), (39358870, 15536696)]) #Jackson, Peter
([44282840, 44246360, 5829491, 5829493, 39358870], [(39358870, 5829491), (44246360, 5829493), (44282840, 5829491), (39358870, 5829493)]) #Jackson, Peter
([44282840, 44246360, 5829491, 19578071, 39358870], [(39358870, 5829491), (44246360, 19578071), (44282840, 5829491), (39358870, 19578071)]) #Jackson, Peter
([44282840, 44246360, 5829491, 17207475, 39358870], [(39358870, 5829491), (44246360, 17207475), (44282840, 5829491), (39358870, 17207475)]) #Jackson, Peter
([44282840, 44246360, 7080369, 7080370, 39534985], [(39534985, 7080369), (44246360, 7080370), (44282840, 7080369), (39534985, 7080370)]) #McKenzie, Bret
([44282840, 44246360, 7385011, 7385013, 39576623], [(39576623, 7385011), (44246360, 7385013), (44282840, 7385011), (39576623, 7385013)]) #Mortensen, Viggo
([44282840, 44246360, 7385011, 1539422, 39576623], [(39576623, 7385011), (44246360, 1539422), (44282840, 7385011), (39576623, 1539422)]) #Mortensen, Viggo
([44282840, 44246360, 8974110, 8974111, 39796900], [(39796900, 8974110), (44246360, 8974111), (44282840, 8974110), (39796900, 8974111)]) #Sinclair, Harry
([44282840, 44246360, 9895584, 9895585, 39929816], [(39929816, 9895584), (44246360, 9895585), (44282840, 9895584), (39929816, 9895585)]) #Weaving, Hugo
([44282840, 44246360, 15536695, 15536696, 39358870], [(39358870, 15536695), (44246360, 15536696), (44282840, 15536695), (39358870, 15536696)]) #Jackson, Peter
([44282840, 44246360, 15536695, 5829493, 39358870], [(39358870, 15536695), (44246360, 5829493), (44282840, 15536695), (39358870, 5829493)]) #Jackson, Peter
([44282840, 44246360, 15536695, 19578071, 39358870], [(39358870, 15536695), (44246360, 19578071), (44282840, 15536695), (39358870, 19578071)]) #Jackson, Peter
([44282840, 44246360, 15536695, 17207475, 39358870], [(39358870, 15536695), (44246360, 17207475), (44282840, 15536695), (39358870, 17207475)]) #Jackson, Peter
([44282840, 44246360, 15967073, 15967074, 39623829], [(39623829, 15967073), (44246360, 15967074), (44282840, 15967073), (39623829, 15967074)]) #Ordesky, Mark
([44282840, 44246360, 16481434, 16481435, 39932434], [(39932434, 16481434), (44246360, 16481435), (44282840, 16481434), (39932434, 16481435)]) #Weinstein, Bob
([44282840, 44246360, 19030421, 19030422, 40125334], [(40125334, 19030421), (44246360, 19030422), (44282840, 19030421), (40125334, 19030422)]) #Dickson, Ngila
([44282840, 44246360, 20653148, 20653149, 41162222], [(41162222, 20653148), (44246360, 20653149), (44282840, 20653148), (41162222, 20653149)]) #Abbott, Jane
([44282840, 44246360, 20719517, 20719518, 40626840], [(40626840, 20719517), (44246360, 20719518), (44282840, 20719517), (40626840, 20719518)]) #Azuola, Elena
([44282840, 44246360, 20807139, 20807140, 40634167], [(40634167, 20807139), (44246360, 20807140), (44282840, 20807139), (40634167, 20807140)]) #Blenkin, Jan
([44282840, 44246360, 20821531, 20821532, 41187409], [(41187409, 20821531), (44246360, 20821532), (44282840, 20821531), (41187409, 20821532)]) #Booth, Melissa
([44282840, 44246360, 20846337, 20846338, 41191669], [(41191669, 20846337), (44246360, 20846338), (44282840, 20846337), (41191669, 20846338)]) #Breslin, Kristie
([44282840, 44246360, 20848972, 20848973, 41191922], [(41191922, 20848972), (44246360, 20848973), (44282840, 20848972), (41191922, 20848973)]) #Bridges, Bob
([44282840, 44246360, 20870272, 20870273, 40054038], [(40054038, 20870272), (44246360, 20870273), (44282840, 20870272), (40054038, 20870273)]) #Buchanan, Tanya
([44282840, 44246360, 20886754, 20886757, 41197726], [(41197726, 20886754), (44246360, 20886757), (44282840, 20886754), (41197726, 20886757)]) #Butler, Steve
([44282840, 44246360, 20886754, 20886756, 41197726], [(41197726, 20886754), (44246360, 20886756), (44282840, 20886754), (41197726, 20886756)]) #Butler, Steve
([44282840, 44246360, 20886755, 20886757, 41197726], [(41197726, 20886755), (44246360, 20886757), (44282840, 20886755), (41197726, 20886757)]) #Butler, Steve
([44282840, 44246360, 20886755, 20886756, 41197726], [(41197726, 20886755), (44246360, 20886756), (44282840, 20886755), (41197726, 20886756)]) #Butler, Steve
([44282840, 44246360, 20905959, 20905961, 41201862], [(41201862, 20905959), (44246360, 20905961), (44282840, 20905959), (41201862, 20905961)]) #Capil, Philip
([44282840, 44246360, 20905960, 20905961, 41201862], [(41201862, 20905960), (44246360, 20905961), (44282840, 20905960), (41201862, 20905961)]) #Capil, Philip
([44282840, 44246360, 20919421, 20919422, 41202851], [(41202851, 20919421), (44246360, 20919422), (44282840, 20919421), (41202851, 20919422)]) #Cartwright, Laurie
([44282840, 44246360, 20988854, 20988855, 41213609], [(41213609, 20988854), (44246360, 20988855), (44282840, 20988854), (41213609, 20988855)]) #Comer, David
([44282840, 44246360, 21000275, 21000276, 41214273], [(41214273, 21000275), (44246360, 21000276), (44282840, 21000275), (41214273, 21000276)]) #Cooper, Matthew
([44282840, 44246360, 21115943, 21115944, 39161894], [(39161894, 21115943), (44246360, 21115944), (44282840, 21115943), (39161894, 21115944)]) #Dravitzki, Matthew
([44282840, 44246360, 21141143, 21141144, 41236287], [(41236287, 21141143), (44246360, 21141144), (44282840, 21141143), (41236287, 21141144)]) #Egan, Jeff
([44282840, 44246360, 882762, 882763, 39222031], [(39222031, 882762), (44246360, 882763), (44282840, 882762), (39222031, 882763)]) #Fransham, Ben
([44282840, 44246360, 1035337, 1035339, 41271910], [(41271910, 1035337), (44246360, 1035339), (44282840, 1035337), (41271910, 1035339)]) #Harding, Jonathan
([44282840, 44246360, 1035338, 1035339, 41271910], [(41271910, 1035338), (44246360, 1035339), (44282840, 1035338), (41271910, 1035339)]) #Harding, Jonathan
([44282840, 44246360, 1046806, 1046807, 39303463], [(39303463, 1046806), (44246360, 1046807), (44282840, 1046806), (39303463, 1046807)]) #Hartwell, Vance
([44282840, 44246360, 1055035, 1055038, 41273855], [(41273855, 1055035), (44246360, 1055038), (44282840, 1055035), (41273855, 1055038)]) #Hayden, Mike
([44282840, 44246360, 1055035, 1055037, 41273855], [(41273855, 1055035), (44246360, 1055037), (44282840, 1055035), (41273855, 1055037)]) #Hayden, Mike
([44282840, 44246360, 1055036, 1055038, 41273855], [(41273855, 1055036), (44246360, 1055038), (44282840, 1055036), (41273855, 1055038)]) #Hayden, Mike
([44282840, 44246360, 1055036, 1055037, 41273855], [(41273855, 1055036), (44246360, 1055037), (44282840, 1055036), (41273855, 1055037)]) #Hayden, Mike
([44282840, 44246360, 1156417, 1156418, 41292368], [(41292368, 1156417), (44246360, 1156418), (44282840, 1156417), (41292368, 1156418)]) #James, Marcus
([44282840, 44246360, 1198874, 1198875, 41298861], [(41298861, 1198874), (44246360, 1198875), (44282840, 1198874), (41298861, 1198875)]) #Kanyuck, Scott
([44282840, 44246360, 1233934, 1233935, 41303657], [(41303657, 1233934), (44246360, 1233935), (44282840, 1233934), (41303657, 1233935)]) #Kinaston-Smith, Mark
([44282840, 44246360, 1241834, 1241835, 39412479], [(39412479, 1241834), (44246360, 1241835), (44282840, 1241834), (39412479, 1241835)]) #Kite-Rangi, Karl 'Payne'
([44282840, 44246360, 1304510, 1304511, 41315924], [(41315924, 1304510), (44246360, 1304511), (44282840, 1304510), (41315924, 1304511)]) #Lawrence, Veronique
([44282840, 44246360, 1416511, 1416512, 41335615], [(41335615, 1416511), (44246360, 1416512), (44282840, 1416511), (41335615, 1416512)]) #Marr, Sebastian
([44282840, 44246360, 1471340, 1471341, 41343151], [(41343151, 1471340), (44246360, 1471341), (44282840, 1471340), (41343151, 1471341)]) #McNamara, Helen
([44282840, 44246360, 1504408, 1504409, 41347983], [(41347983, 1504408), (44246360, 1504409), (44282840, 1504408), (41347983, 1504409)]) #Miller, Robbie
([44282840, 44246360, 1532770, 1532772, 41353109], [(41353109, 1532770), (44246360, 1532772), (44282840, 1532770), (41353109, 1532772)]) #Morgan, Kerrie
([44282840, 44246360, 1532770, 1532771, 41353109], [(41353109, 1532770), (44246360, 1532771), (44282840, 1532770), (41353109, 1532771)]) #Morgan, Kerrie
([44282840, 44246360, 1534390, 1534391, 41353019], [(41353019, 1534390), (44246360, 1534391), (44282840, 1534390), (41353019, 1534391)]) #Moriarty, Kivani
([44282840, 44246360, 1545713, 1545714, 41353529], [(41353529, 1545713), (44246360, 1545714), (44282840, 1545713), (41353529, 1545714)]) #Moynagh, Diane
([44282840, 44246360, 1749714, 1749718, 39695029], [(39695029, 1749714), (44246360, 1749718), (44282840, 1749714), (39695029, 1749718)]) #Randall, Paul
([44282840, 44246360, 1749714, 1749717, 39695029], [(39695029, 1749714), (44246360, 1749717), (44282840, 1749714), (39695029, 1749717)]) #Randall, Paul
([44282840, 44246360, 1749715, 1749718, 39695029], [(39695029, 1749715), (44246360, 1749718), (44282840, 1749715), (39695029, 1749718)]) #Randall, Paul
([44282840, 44246360, 1749715, 1749717, 39695029], [(39695029, 1749715), (44246360, 1749717), (44282840, 1749715), (39695029, 1749717)]) #Randall, Paul
([44282840, 44246360, 1749716, 1749718, 39695029], [(39695029, 1749716), (44246360, 1749718), (44282840, 1749716), (39695029, 1749718)]) #Randall, Paul
([44282840, 44246360, 1749716, 1749717, 39695029], [(39695029, 1749716), (44246360, 1749717), (44282840, 1749716), (39695029, 1749717)]) #Randall, Paul
([44282840, 44246360, 1837863, 1837865, 41402905], [(41402905, 1837863), (44246360, 1837865), (44282840, 1837863), (41402905, 1837865)]) #Rutten, Christopher
([44282840, 44246360, 1837863, 1837864, 41402905], [(41402905, 1837863), (44246360, 1837864), (44282840, 1837863), (41402905, 1837864)]) #Rutten, Christopher
([44282840, 44246360, 1903412, 1903416, 39780737], [(39780737, 1903412), (44246360, 1903416), (44282840, 1903412), (39780737, 1903416)]) #Shah, Kiran
([44282840, 44246360, 1903412, 1903415, 39780737], [(39780737, 1903412), (44246360, 1903415), (44282840, 1903412), (39780737, 1903415)]) #Shah, Kiran
([44282840, 44246360, 1903413, 1903416, 39780737], [(39780737, 1903413), (44246360, 1903416), (44282840, 1903413), (39780737, 1903416)]) #Shah, Kiran
([44282840, 44246360, 1903413, 1903415, 39780737], [(39780737, 1903413), (44246360, 1903415), (44282840, 1903413), (39780737, 1903415)]) #Shah, Kiran
([44282840, 44246360, 1903414, 1903416, 39780737], [(39780737, 1903414), (44246360, 1903416), (44282840, 1903414), (39780737, 1903416)]) #Shah, Kiran
([44282840, 44246360, 1903414, 1903415, 39780737], [(39780737, 1903414), (44246360, 1903415), (44282840, 1903414), (39780737, 1903415)]) #Shah, Kiran
([44282840, 44246360, 2060777, 2060778, 41439062], [(41439062, 2060777), (44246360, 2060778), (44282840, 2060777), (41439062, 2060778)]) #Thompsen, Sonya
([44282840, 44246360, 2075918, 2075919, 41440800], [(41440800, 2075918), (44246360, 2075919), (44282840, 2075918), (41440800, 2075919)]) #Tonks, Peter
([44282840, 44246360, 2231378, 2231379, 40820461], [(40820461, 2231378), (44246360, 2231379), (44282840, 2231378), (40820461, 2231379)]) #Woodruff, Alan
([44282840, 44246360, 2232842, 2232843, 39958990], [(39958990, 2232842), (44246360, 2232843), (44282840, 2232842), (39958990, 2232843)]) #Woolf, Tony
([44282840, 44246360, 2250317, 2250318, 41468389], [(41468389, 2250317), (44246360, 2250318), (44282840, 2250317), (41468389, 2250318)]) #Young, Helen
([44282840, 44246360, 2650852, 2650853, 38934816], [(38934816, 2650852), (44246360, 2650853), (44282840, 2650852), (38934816, 2650853)]) #Appleby, Noel
([44282840, 44246360, 3222050, 3222052, 39011617], [(39011617, 3222050), (44246360, 3222052), (44282840, 3222050), (39011617, 3222052)]) #Boyd, Billy
([44282840, 44246360, 3222050, 20833201, 39011617], [(39011617, 3222050), (44246360, 20833201), (44282840, 3222050), (39011617, 20833201)]) #Boyd, Billy
([44282840, 44246360, 6802772, 6802774, 39498131], [(39498131, 6802772), (44246360, 6802774), (44282840, 6802772), (39498131, 6802774)]) #Makoare, Lawrence
([44282840, 44246360, 6802772, 6802773, 39498131], [(39498131, 6802772), (44246360, 6802773), (44282840, 6802772), (39498131, 6802773)]) #Makoare, Lawrence
([44282840, 44246360, 8842780, 8842783, 39777582], [(39777582, 8842780), (44246360, 8842783), (44282840, 8842780), (39777582, 8842783)]) #Serkis, Andy
([44282840, 44246360, 8842780, 8842782, 39777582], [(39777582, 8842780), (44246360, 8842782), (44282840, 8842780), (39777582, 8842782)]) #Serkis, Andy
([44282840, 44246360, 8842780, 1899657, 39777582], [(39777582, 8842780), (44246360, 1899657), (44282840, 8842780), (39777582, 1899657)]) #Serkis, Andy
([44282840, 44246360, 8842781, 8842783, 39777582], [(39777582, 8842781), (44246360, 8842783), (44282840, 8842781), (39777582, 8842783)]) #Serkis, Andy
([44282840, 44246360, 8842781, 8842782, 39777582], [(39777582, 8842781), (44246360, 8842782), (44282840, 8842781), (39777582, 8842782)]) #Serkis, Andy
([44282840, 44246360, 8842781, 1899657, 39777582], [(39777582, 8842781), (44246360, 1899657), (44282840, 8842781), (39777582, 1899657)]) #Serkis, Andy
([44282840, 44246360, 10093879, 10093881, 39955148], [(39955148, 10093879), (44246360, 10093881), (44282840, 10093879), (39955148, 10093881)]) #Wood, Elijah
([44282840, 44246360, 15972434, 15972435, 39628296], [(39628296, 15972434), (44246360, 15972435), (44282840, 15972434), (39628296, 15972435)]) #Osborne, Barrie M.
([44282840, 44246360, 16216029, 20557122, 39777625], [(39777625, 16216029), (44246360, 20557122), (44282840, 16216029), (39777625, 20557122)]) #Selkirk, Jamie
([44282840, 44246360, 16216029, 16216030, 39777625], [(39777625, 16216029), (44246360, 16216030), (44282840, 16216029), (39777625, 16216030)]) #Selkirk, Jamie
([44282840, 44246360, 16229968, 16229969, 39783440], [(39783440, 16229968), (44246360, 16229969), (44282840, 16229968), (39783440, 16229969)]) #Shaye, Robert
([44282840, 44246360, 16482315, 16482316, 39932247], [(39932247, 16482315), (44246360, 16482316), (44282840, 16482315), (39932247, 16482316)]) #Weinstein, Harvey
([44282840, 44246360, 20654719, 20654721, 41161030], [(41161030, 20654719), (44246360, 20654721), (44282840, 20654719), (41161030, 20654721)]) #Abery, Janine
([44282840, 44246360, 20654719, 20654720, 41161030], [(41161030, 20654719), (44246360, 20654720), (44282840, 20654719), (41161030, 20654720)]) #Abery, Janine
([44282840, 44246360, 20759965, 20759966, 41178625], [(41178625, 20759965), (44246360, 20759966), (44282840, 20759965), (41178625, 20759966)]) #Baynes, Len
([44282840, 44246360, 20773309, 20773310, 41181879], [(41181879, 20773309), (44246360, 20773310), (44282840, 20773309), (41181879, 20773310)]) #Bendell, Emma
([44282840, 44246360, 20779375, 20779378, 38980313], [(38980313, 20779375), (44246360, 20779378), (44282840, 20779375), (38980313, 20779378)]) #Benzon, Jarl
([44282840, 44246360, 20779375, 20779377, 38980313], [(38980313, 20779375), (44246360, 20779377), (44282840, 20779375), (38980313, 20779377)]) #Benzon, Jarl
([44282840, 44246360, 20779376, 20779378, 38980313], [(38980313, 20779376), (44246360, 20779378), (44282840, 20779376), (38980313, 20779378)]) #Benzon, Jarl
([44282840, 44246360, 20779376, 20779377, 38980313], [(38980313, 20779376), (44246360, 20779377), (44282840, 20779376), (38980313, 20779377)]) #Benzon, Jarl
([44282840, 44246360, 20871389, 20871392, 41194303], [(41194303, 20871389), (44246360, 20871392), (44282840, 20871389), (41194303, 20871392)]) #Buckley, Andy
([44282840, 44246360, 20871389, 20871391, 41194303], [(41194303, 20871389), (44246360, 20871391), (44282840, 20871389), (41194303, 20871391)]) #Buckley, Andy
([44282840, 44246360, 20871390, 20871392, 41194303], [(41194303, 20871390), (44246360, 20871392), (44282840, 20871390), (41194303, 20871392)]) #Buckley, Andy
([44282840, 44246360, 20871390, 20871391, 41194303], [(41194303, 20871390), (44246360, 20871391), (44282840, 20871390), (41194303, 20871391)]) #Buckley, Andy
([44282840, 44246360, 20963862, 20963863, 41210511], [(41210511, 20963862), (44246360, 20963863), (44282840, 20963862), (41210511, 20963863)]) #Clapham, Basil
([44282840, 44246360, 20975249, 20975250, 41212056], [(41212056, 20975249), (44246360, 20975250), (44282840, 20975249), (41212056, 20975250)]) #Cochrane, Andrew
([44282840, 44246360, 947545, 947546, 40684297], [(40684297, 947545), (44246360, 947546), (44282840, 947545), (40684297, 947546)]) #Glatter, Emily
([44282840, 44246360, 1015772, 1015774, 41268923], [(41268923, 1015772), (44246360, 1015774), (44282840, 1015772), (41268923, 1015774)]) #Haigh, Tim
([44282840, 44246360, 1015773, 1015774, 41268923], [(41268923, 1015773), (44246360, 1015774), (44282840, 1015773), (41268923, 1015774)]) #Haigh, Tim
([44282840, 44246360, 1057316, 1057317, 41275286], [(41275286, 1057316), (44246360, 1057317), (44282840, 1057316), (41275286, 1057317)]) #Hazard, Christina
([44282840, 44246360, 1117650, 1117652, 41285478], [(41285478, 1117650), (44246360, 1117652), (44282840, 1117650), (41285478, 1117652)]) #Howell, Rebecca
([44282840, 44246360, 1117650, 1117651, 41285478], [(41285478, 1117650), (44246360, 1117651), (44282840, 1117650), (41285478, 1117651)]) #Howell, Rebecca
([44282840, 44246360, 1144375, 1144376, 41288176], [(41288176, 1144375), (44246360, 1144376), (44282840, 1144375), (41288176, 1144376)]) #Israel, H. Matthew
([44282840, 44246360, 1148369, 1148370, 41291141], [(41291141, 1148369), (44246360, 1148370), (44282840, 1148369), (41291141, 1148370)]) #Jack, Paula
([44282840, 44246360, 1183028, 1183029, 39378764], [(39378764, 1183028), (44246360, 1183029), (44282840, 1183028), (39378764, 1183029)]) #Jordan, Sean
([44282840, 44246360, 1233930, 1233931, 41303818], [(41303818, 1233930), (44246360, 1233931), (44282840, 1233930), (41303818, 1233931)]) #Kinaston-Smith, Heather
([44282840, 44246360, 1321524, 1321525, 41320232], [(41320232, 1321524), (44246360, 1321525), (44282840, 1321524), (41320232, 1321525)]) #Lenaghan, Ray
([44282840, 44246360, 1391880, 1391881, 41330513], [(41330513, 1391880), (44246360, 1391881), (44282840, 1391880), (41330513, 1391881)]) #Mahony, Brian
([44282840, 44246360, 1556273, 1556274, 41356756], [(41356756, 1556273), (44246360, 1556274), (44282840, 1556273), (41356756, 1556274)]) #Murray, Ian
([44282840, 44246360, 1566474, 1566476, 41359908], [(41359908, 1566474), (44246360, 1566476), (44282840, 1566474), (41359908, 1566476)]) #Nally, Nigel
([44282840, 44246360, 1566475, 1566476, 41359908], [(41359908, 1566475), (44246360, 1566476), (44282840, 1566475), (41359908, 1566476)]) #Nally, Nigel
([44282840, 44246360, 1591168, 1591169, 41363713], [(41363713, 1591168), (44246360, 1591169), (44282840, 1591168), (41363713, 1591169)]) #Nixon, Carter
([44282840, 44246360, 1727064, 1727065, 39681047], [(39681047, 1727064), (44246360, 1727065), (44282840, 1727064), (39681047, 1727065)]) #Prokop, Paul
([44282840, 44246360, 1753289, 1753290, 41388984], [(41388984, 1753289), (44246360, 1753290), (44282840, 1753289), (41388984, 1753290)]) #Raskind, Claire
([44282840, 44246360, 1765635, 1765636, 41390964], [(41390964, 1765635), (44246360, 1765636), (44282840, 1765635), (41390964, 1765636)]) #Reiner, Richard
([44282840, 44246360, 1772531, 1772532, 39709313], [(39709313, 1772531), (44246360, 1772532), (44282840, 1772531), (39709313, 1772532)]) #Reynolds, Don
([44282840, 44246360, 1791992, 1791993, 41394182], [(41394182, 1791992), (44246360, 1791993), (44282840, 1791992), (41394182, 1791993)]) #Robb, Brent
([44282840, 44246360, 1817962, 1817963, 41399356], [(41399356, 1817962), (44246360, 1817963), (44282840, 1817962), (41399356, 1817963)]) #Rosencrans, Suzanne
([44282840, 44246360, 1849073, 1849074, 39749227], [(39749227, 1849073), (44246360, 1849074), (44282840, 1849073), (39749227, 1849074)]) #Salo, David
([44282840, 44246360, 1854868, 1854869, 41404605], [(41404605, 1854868), (44246360, 1854869), (44282840, 1854868), (41404605, 1854869)]) #Sanderson, Niccola
([44282840, 44246360, 1889291, 1889292, 39771561], [(39771561, 1889291), (44246360, 1889292), (44282840, 1889291), (39771561, 1889292)]) #Scott, John
([44282840, 44246360, 1896256, 1896257, 41412728], [(41412728, 1896256), (44246360, 1896257), (44282840, 1896256), (41412728, 1896257)]) #Selfridge, Julianna
([44282840, 44246360, 1909236, 1909238, 41413711], [(41413711, 1909236), (44246360, 1909238), (44282840, 1909236), (41413711, 1909238)]) #Shaw, Phil
([44282840, 44246360, 1909237, 1909238, 41413711], [(41413711, 1909237), (44246360, 1909238), (44282840, 1909237), (41413711, 1909238)]) #Shaw, Phil
([44282840, 44246360, 1932786, 1932788, 41418014], [(41418014, 1932786), (44246360, 1932788), (44282840, 1932786), (41418014, 1932788)]) #Simmers, Emma
([44282840, 44246360, 1932787, 1932788, 41418014], [(41418014, 1932787), (44246360, 1932788), (44282840, 1932787), (41418014, 1932788)]) #Simmers, Emma
([44282840, 44246360, 1947077, 1947078, 41421348], [(41421348, 1947077), (44246360, 1947078), (44282840, 1947077), (41421348, 1947078)]) #Small, Heather
([44282840, 44246360, 1948837, 1948838, 41421383], [(41421383, 1948837), (44246360, 1948838), (44282840, 1948837), (41421383, 1948838)]) #Smith, Andrew
([44282840, 44246360, 1961405, 1961406, 40793597], [(40793597, 1961405), (44246360, 1961406), (44282840, 1961405), (40793597, 1961406)]) #Sokol, Oksana
([44282840, 44246360, 1965775, 1965776, 40519902], [(40519902, 1965775), (44246360, 1965776), (44282840, 1965775), (40519902, 1965776)]) #Soper, Jill
([44282840, 44246360, 2032558, 2032559, 41432417], [(41432417, 2032558), (44246360, 2032559), (44282840, 2032558), (41432417, 2032559)]) #Takacs, Helene
([44282840, 44246360, 2063557, 2063558, 39863419], [(39863419, 2063557), (44246360, 2063558), (44282840, 2063557), (39863419, 2063558)]) #Thomson, Barry
([44282840, 44246360, 2092564, 2092565, 41444020], [(41444020, 2092564), (44246360, 2092565), (44282840, 2092564), (41444020, 2092565)]) #Tudor, Gary
([44282840, 44246360, 2095768, 2095770, 41444551], [(41444551, 2095768), (44246360, 2095770), (44282840, 2095768), (41444551, 2095770)]) #Turner, Melanie
([44282840, 44246360, 2095768, 2095769, 41444551], [(41444551, 2095768), (44246360, 2095769), (44282840, 2095768), (41444551, 2095769)]) #Turner, Melanie
([44282840, 44246360, 2098518, 2098519, 41445048], [(41445048, 2098518), (44246360, 2098519), (44282840, 2098518), (41445048, 2098519)]) #Tyron, Marc
([44282840, 44246360, 2193091, 2193092, 41459117], [(41459117, 2193091), (44246360, 2193092), (44282840, 2193091), (41459117, 2193092)]) #Whitehurst, Harry
([44282840, 44246360, 2204806, 2204808, 39944579], [(39944579, 2204806), (44246360, 2204808), (44282840, 2204806), (39944579, 2204808)]) #Williams, David
([44282840, 44246360, 2204807, 2204808, 39944579], [(39944579, 2204807), (44246360, 2204808), (44282840, 2204807), (39944579, 2204808)]) #Williams, David
([44282840, 44246360, 3001903, 20779378, 38980313], [(38980313, 3001903), (44246360, 20779378), (44282840, 3001903), (38980313, 20779378)]) #Benzon, Jarl
([44282840, 44246360, 3001903, 20779377, 38980313], [(38980313, 3001903), (44246360, 20779377), (44282840, 3001903), (38980313, 20779377)]) #Benzon, Jarl
([44282840, 44246360, 3125174, 3125176, 39000853], [(39000853, 3125174), (44246360, 3125176), (44282840, 3125174), (39000853, 3125176)]) #Bloom, Orlando
([44282840, 44246360, 5824255, 5824256, 39357667], [(39357667, 5824255), (44246360, 5824256), (44282840, 5824255), (39357667, 5824256)]) #Jackson, Billy
([44282840, 44246360, 6476020, 6476021, 39455111], [(39455111, 6476020), (44246360, 6476021), (44282840, 6476020), (39455111, 6476021)]) #Lee, Christopher
([44282840, 44246360, 7294892, 7294894, 39565114], [(39565114, 7294892), (44246360, 7294894), (44282840, 7294892), (39565114, 7294894)]) #Monaghan, Dominic
([44282840, 44246360, 8231789, 8231790, 39694071], [(39694071, 8231789), (44246360, 8231790), (44282840, 8231789), (39694071, 8231790)]) #Rangi, Shane
([44282840, 44246360, 8841860, 1899555, 39777202], [(39777202, 8841860), (44246360, 1899555), (44282840, 8841860), (39777202, 1899555)]) #Sergent, Brian
([44282840, 44246360, 12164601, 12164602, 40246880], [(40246880, 12164601), (44246360, 12164602), (44282840, 12164601), (40246880, 12164602)]) #Jackson, Katie
